task = tweep
mcc = 0.760880903685663
tp = 1139
tn = 1113
fp = 165
fn = 141
eval_loss = 0.26515817404433617
