task = tweep_mini
mcc = 0.7646406526810398
tp = 1178
tn = 1076
fp = 202
fn = 102
eval_loss = 0.24576950878545176
