task = tweep
mcc = 0.7788547563465242
tp = 1188
tn = 1084
fp = 194
fn = 92
eval_loss = 0.24289573975111126
