task = tweep
mcc = 0.7427968315969053
tp = 1110
tn = 1119
fp = 159
fn = 170
eval_loss = 0.2634016489901114
