task = tweep
mcc = 0.7611319189196188
tp = 1162
tn = 1089
fp = 189
fn = 118
eval_loss = 0.24426118136034347
